channel means from pylsl/labstreaming layer

1200.9160702763302
1125.8015408372148
1339.3052059406116
1790.4294528597009
59.48848244309201
816.999680419117
467.132938074623
-145.930081394812
1720.3179465668566

585.5260087862258
2898.523700310043
2851.1675689277445
3204.575410497318
1251.2427740310934
-422.9718579519049
2197.978706652913
-504.5075509405041
2609.3734114045033

channel means offline (recorded with brainvision recorder)

-0.003999648008114548
0.0025320395848726063
0.0027035055917653547
0.001878237303630568
0.001357090034403885
-0.005921327209580688
0.0015850059119653064
0.00029161817862574115
0.002290518839205372

-0.0005500440975908039
0.0014525929157050627
-0.00040673887369394236
0.002091280501891037
0.0007980699411055563
-0.0018677383625218611
0.0008817944465563083
-0.0006344492614750875
0.0027082213099930727